-0.000000004354183
0.000001033911467
-0.000685533732471
0.000359475673442
-0.000962748555426
-0.000701053557417
-0.000000012830631
-0.000000016168584
0.006523144484798
0.000011035776881
-0.000883433278739
0.000439589701193
-0.000038146011021
-0.000954258904798
0.000000000000000
-0.000000015731997
-0.000000010189520
0.010211821204891
-0.000442130274552
0.000209014377137
-0.000001237140561
-0.000479357608082
0.000000000000000
0.005509265822258
0.005732303232588
-0.000000002611687
-0.000000004259527
0.000001027830391
-0.000019695753879
0.000027477828594
-0.000073368928778
-0.000053392506356
-0.000000012551704
-0.000000015817012
0.000240724805216
0.000010914516933
-0.000023729608898
0.000034108106826
-0.000002950411451
-0.000073741133139
0.000000000000000
-0.000000015391563
-0.000000009968008
0.000865221938441
-0.000011708723475
0.000016970163317
-0.000000099930780
-0.000038705893320
0.000000000000000
0.000419513965486
0.000442964238732
-0.000000002834850
-0.000000004164871
0.000001021749332
-0.000001570303443
0.000002201334203
-0.000005882791246
-0.000004284926070
-0.000000012272778
-0.000000015465550
0.000009208924688
0.000010793257017
-0.000001927228388
0.000002781813800
-0.000000240403799
-0.000006012116610
0.000000000000000
-0.000000015051001
-0.000000009746498
0.000076493711540
-0.000001006828891
0.000001465471222
-0.000000008599367
-0.000003334570664
0.000000000000000
0.000033767623856
0.000036230507714
-0.000000003058015
-0.000000004070215
0.000001015668296
-0.000000119326866
0.000000172648319
-0.000000485211031
-0.000000357406011
-0.000000011993851
-0.000000015114012
0.000000370914619
0.000010671997092
-0.000000153921468
0.000000227434144
-0.000000020225970
-0.000000509737889
0.000000000000000
-0.000000014710613
-0.000000009524986
0.000006951715244
-0.000000087255558
0.000000129970503
-0.000000000762937
-0.000000299675789
0.000000000000000
0.000002815875871
0.000003075656015
-0.000000003281179
-0.000000003975559
0.000001009587237
0.000000001408219
0.000000003235116
-0.000000035626143
-0.000000030175939
-0.000000011714924
-0.000000014762490
0.000000026410308
0.000010550737077
-0.000000003831045
0.000000010463326
-0.000000001577345
-0.000000043608640
0.000000000000000
-0.000000013814322
-0.000000009303475
0.000000650570638
-0.000000004863632
0.000000010187521
-0.000000000062310
-0.000000028251014
0.000000000000000
0.000000228088400
0.000000258200833
-0.000000003504342
-0.000000003880902
0.000001003506174
0.000000011735532
-0.000000011272102
0.000000003118155
-0.000000001882655
-0.000000011435997
-0.000000014410961
0.000000013729070
0.000010429477008
0.000000009241149
-0.000000008498442
0.000000000053169
-0.000000002761926
0.000000000000000
-0.000000013997455
-0.000000009081964
0.000000068839987
0.000000002881146
-0.000000000868571
0.000000000001727
-0.000000003356084
0.000000000000000
0.000000004460093
0.000000010636746
-0.000000003727508
-0.000000003786246
0.000000997425161
0.000000012491536
-0.000000012388900
0.000000006429437
0.000000000628787
-0.000000011157071
-0.000000014059469
0.000000014263853
0.000010308217089
0.000000010339228
-0.000000010110915
0.000000000196532
0.000000000920947
0.000000000000000
-0.000000013687394
-0.000000008860453
0.000000014244034
0.000000003837831
-0.000000001952600
0.000000000007615
-0.000000000980443
0.000000000000000
-0.000000015366644
-0.000000011757432
-0.000000003950672
-0.000000003691590
0.000000991344143
0.000000012405555
-0.000000012320306
0.000000006611019
0.000000000862990
-0.000000010878144
-0.000000013707951
0.000000015333523
0.000010186957265
0.000000010361594
-0.000000010161268
0.000000000206291
0.000000001265019
0.000000000000000
-0.000000013348706
-0.000000008638943
0.000000010043301
0.000000004123471
-0.000000002085329
0.000000000007954
-0.000000000753651
0.000000000000000
-0.000000017137397
-0.000000013877457
-0.000000004173835
-0.000000003596934
0.000000985263071
0.000000012243432
-0.000000012144356
0.000000006509728
0.000000000891369
-0.000000010599217
-0.000000013356429
0.000000016425108
0.000010065697095
0.000000010285130
-0.000000010067819
0.000000000203773
0.000000001302317
0.000000000000000
-0.000000013008430
-0.000000008417430
0.000000010641820
0.000000004347315
-0.000000002127546
0.000000000007766
-0.000000000731028
0.000000000000000
-0.000000017271943
-0.000000014131137
-0.000000004397001
-0.000000003502278
0.000000979182008
0.000000012074265
-0.000000011958486
0.000000006497292
0.000000000984401
-0.000000010320290
-0.000000013004857
0.000000017517458
0.000009944437283
0.000000010199413
-0.000000009960888
0.000000000200107
0.000000001310912
0.000000000000000
-0.000000012667947
-0.000000008195919
0.000000011703271
0.000000004565209
-0.000000002161036
0.000000000007527
-0.000000000728067
0.000000000000000
-0.000000017255336
-0.000000014209856
-0.000000004620164
-0.000000003407622
0.000000973100947
0.000000011829204
-0.000000011732090
0.000000006144177
0.000000000829547
-0.000000010041364
-0.000000012653380
0.000000018609928
0.000009823177132
0.000000010112800
-0.000000009852667
0.000000000196330
0.000000001316746
0.000000000000000
-0.000000012327438
-0.000000007974408
0.000000012809844
0.000000004782523
-0.000000002193674
0.000000000007283
-0.000000000727022
0.000000000000000
-0.000000016620543
-0.000000014271796
-0.000000004843330
-0.000000003312965
0.000000967019892
0.000000011732922
-0.000000011582515
0.000000006116054
0.000000000911163
-0.000000009762437
-0.000000012301844
0.000000019702470
0.000009701917339
0.000000010026119
-0.000000009744329
0.000000000192542
0.000000001322303
0.000000000000000
-0.000000011987025
-0.000000007752898
0.000000013920856
0.000000004999780
-0.000000002226229
0.000000000007038
-0.000000000726156
0.000000000000000
-0.000000017157565
-0.000000014332243
-0.000000005066493
-0.000000003218309
0.000000960938909
0.000000011564653
-0.000000011397816
0.000000005991979
0.000000000922964
-0.000000009483510
-0.000000011950339
0.000000020794982
0.000009580657562
0.000000009939452
-0.000000009635992
0.000000000188756
0.000000001327888
0.000000000000000
-0.000000011646646
-0.000000007531387
0.000000015032320
0.000000005217032
-0.000000002258776
0.000000000006794
-0.000000000725330
0.000000000000000
-0.000000017158755
-0.000000014392681
-0.000000005289657
-0.000000003123653
0.000000954857834
0.000000011394852
-0.000000011211047
0.000000005966250
0.000000001006323
-0.000000009204582
-0.000000011598726
0.000000021887394
0.000009459397553
0.000000009852764
-0.000000009527642
0.000000000184968
0.000000001333461
0.000000000000000
-0.000000011306199
-0.000000007309874
0.000000016143814
0.000000005434284
-0.000000002291323
0.000000000006550
-0.000000000724489
0.000000000000000
-0.000000017128411
-0.000000014452985
-0.000000005512822
-0.000000003028997
0.000000948776794
0.000000011156614
-0.000000010988331
0.000000005634335
0.000000000866895
-0.000000008925656
-0.000000011247243
0.000000022979990
0.000009338137630
0.000000009766063
-0.000000009419286
0.000000000181181
0.000000001339037
0.000000000000000
-0.000000010394124
-0.000000007088364
0.000000017255323
0.000000005651536
-0.000000002323869
0.000000000006305
-0.000000000723652
0.000000000000000
-0.000000017096592
-0.000000014513188
-0.000000005735987
-0.000000002934341
0.000000942695747
0.000000011053566
-0.000000010835134
0.000000005596137
0.000000000941181
-0.000000008646729
-0.000000010895677
0.000000024072352
0.000009216877574
0.000000009679349
-0.000000009310923
0.000000000177391
0.000000001344537
0.000000000000000
-0.000000010590762
-0.000000006866852
0.000000018366838
0.000000005868786
-0.000000002356414
0.000000000006061
-0.000000000722816
0.000000000000000
-0.000000017064541
-0.000000014573317
-0.000000005959151
-0.000000002839684
0.000000936614706
0.000000010885175
-0.000000010650285
0.000000005471654
0.000000000952685
-0.000000008367803
-0.000000010544244
0.000000025164837
0.000009095617607
0.000000009592683
-0.000000009202585
0.000000000173604
0.000000001350099
0.000000000000000
-0.000000010282742
-0.000000006645342
0.000000019478328
0.000000006086038
-0.000000002388960
0.000000000005816
-0.000000000721980
0.000000000000000
-0.000000017032453
-0.000000014633731
-0.000000006182316
-0.000000002745028
0.000000930533652
0.000000010715358
-0.000000010463504
0.000000005341825
0.000000000960299
-0.000000008088877
-0.000000010192647
0.000000026257322
0.000008974357701
0.000000009506015
-0.000000009094245
0.000000000169816
0.000000001355671
0.000000000000000
-0.000000009944193
-0.000000006423830
0.000000020589843
0.000000006303289
-0.000000002421506
0.000000000005572
-0.000000000721142
0.000000000000000
-0.000000017000121
-0.000000014694169
-0.000000006405479
-0.000000002650372
0.000000924452552
0.000000010545504
-0.000000010276633
0.000000005211771
0.000000000967749
-0.000000007809950
-0.000000009841198
0.000000027349892
0.000008853097672
0.000000009419331
-0.000000008985898
0.000000000166029
0.000000001361241
0.000000000000000
-0.000000009603922
-0.000000006202318
0.000000021701375
0.000000006520538
-0.000000002454050
0.000000000005328
-0.000000000720307
0.000000000000000
-0.000000016968044
-0.000000014754476
-0.000000006628644
-0.000000002555716
0.000000918371571
0.000000010375634
-0.000000010089748
0.000000005081634
0.000000000975138
-0.000000007531023
-0.000000009489676
0.000000028442380
0.000008731837703
0.000000009332640
-0.000000008877547
0.000000000162241
0.000000001366780
0.000000000000000
-0.000000009263486
-0.000000005980808
0.000000022812866
0.000000006737789
-0.000000002486596
0.000000000005083
-0.000000000719473
0.000000000000000
-0.000000016935948
-0.000000014814748
-0.000000006851807
-0.000000002461060
0.000000912290520
0.000000010205796
-0.000000009902882
0.000000004951596
0.000000000982600
-0.000000007252094
-0.000000009138146
0.000000029534783
0.000008610577916
0.000000009245966
-0.000000008769204
0.000000000164225
0.000000001516588
0.000000000000000
-0.000000008923085
-0.000000005759296
0.000000023924356
0.000000006955042
-0.000000002519143
0.000000000004839
-0.000000000718630
0.000000000000000
-0.000000016904063
-0.000000014875140
-0.000000007074972
-0.000000002366404
0.000000906209465
0.000000010035924
-0.000000009715997
0.000000004821500
0.000000000990020
-0.000000006973169
-0.000000008786630
0.000000030627281
0.000008489317835
0.000000009036748
-0.000000008599584
0.000000000149229
0.000000001242045
0.000000000000000
-0.000000008582642
-0.000000005537786
0.000000025035860
0.000000007172292
-0.000000002551687
0.000000000004594
-0.000000000717798
0.000000000000000
-0.000000016871951
-0.000000014140215
-0.000000007298137
-0.000000002271747
0.000000900128414
0.000000009866058
-0.000000009529115
0.000000004691420
0.000000000997451
-0.000000006694242
-0.000000008435088
0.000000031719798
0.000008368057918
0.000000009070052
-0.000000008548950
0.000000000150563
0.000000001375598
0.000000000000000
-0.000000008242201
-0.000000005316274
0.000000026147362
0.000000007389543
-0.000000002584233
0.000000000004350
-0.000000000716961
0.000000000000000
-0.000000016839885
-0.000000014949586
-0.000000007521301
-0.000000002177091
0.000000894047364
0.000000009696183
-0.000000009342229
0.000000004697847
0.000000001104207
-0.000000006415317
-0.000000008083510
0.000000032812280
0.000008246797863
0.000000008985745
-0.000000008443945
0.000000000147722
0.000000001404824
0.000000000000000
-0.000000007901745
-0.000000005094763
0.000000027258875
0.000000007606794
-0.000000002616779
0.000000000004105
-0.000000000716124
0.000000000000000
-0.000000016807754
-0.000000015053279
-0.000000007744466
-0.000000002082435
0.000000887966280
0.000000009436541
-0.000000009108320
0.000000004303646
0.000000000919459
-0.000000006136389
-0.000000006999997
0.000000033904723
0.000008125537967
0.000000008885679
-0.000000008328885
0.000000000142659
0.000000001378499
0.000000000000000
-0.000000007561310
-0.000000004873253
0.000000028370394
0.000000007824045
-0.000000002649325
0.000000000003861
-0.000000000715286
0.000000000000000
-0.000000016058267
-0.000000015116091
-0.000000007967630
-0.000000001987779
0.000000881885287
0.000000009354204
-0.000000008965383
0.000000004292808
0.000000001013653
-0.000000005857462
-0.000000007371573
0.000000034997314
0.000008004277964
0.000000008812458
-0.000000008227369
0.000000000139939
0.000000001410755
0.000000000000000
-0.000000007220859
-0.000000004651741
0.000000029481880
0.000000008041295
-0.000000002681870
0.000000000003617
-0.000000000714441
0.000000000000000
-0.000000016696592
-0.000000015176539
-0.000000008190793
-0.000000001893123
0.000000875804236
0.000000009186419
-0.000000008781371
0.000000004170489
0.000000001026730
-0.000000005578535
-0.000000006542180
0.000000036089688
0.000007883018169
0.000000008716845
-0.000000008114511
0.000000000135299
0.000000001395017
0.000000000000000
-0.000000006880346
-0.000000004430229
0.000000030593580
0.000000008258542
-0.000000002714415
0.000000000003372
-0.000000000713623
0.000000000000000
-0.000000016708381
-0.000000015236839
-0.000000008413959
-0.000000001798466
0.000000869723166
0.000000009016699
-0.000000008594683
0.000000004040967
0.000000001034568
-0.000000005299608
-0.000000006671767
0.000000037182163
0.000007761758241
0.000000008639104
-0.000000008010701
0.000000000131934
0.000000001411133
0.000000000000000
-0.000000006539967
-0.000000004208719
0.000000031704903
0.000000008475801
-0.000000002746964
0.000000000003138
-0.000000000708966
0.000000000000000
-0.000000016679200
-0.000000015297126
-0.000000008637123
-0.000000001703810
0.000000863642143
0.000000008846814
-0.000000008407798
0.000000003910884
0.000000001041997
-0.000000005020682
-0.000000006325899
0.000000038816960
0.000007640498085
0.000000008552457
-0.000000007902406
0.000000000128152
0.000000001416841
0.000000000000000
-0.000000006199522
-0.000000003987207
0.000000032816400
0.000000008689899
-0.000000002777982
0.000000000002874
-0.000000000715664
0.000000000000000
-0.000000016647091
-0.000000015357438
-0.000000008860287
-0.000000001609154
0.000000857561071
0.000000008676937
-0.000000008220911
0.000000003860637
0.000000001107516
-0.000000004741755
-0.000000005974396
0.000000039380153
0.000007519238267
0.000000008465749
-0.000000007794047
0.000000000124363
0.000000001422358
0.000000000000000
-0.000000005859019
-0.000000003765696
0.000000033927898
0.000000008910276
-0.000000002812019
0.000000000002639
-0.000000000711193
0.000000000000000
-0.000000016614997
-0.000000015417600
-0.000000009083452
-0.000000001514498
0.000000851480024
0.000000008455030
-0.000000008006523
0.000000003574647
0.000000001001504
-0.000000004462830
-0.000000005622921
0.000000040459981
0.000007397978415
0.000000008379078
-0.000000007685705
0.000000000120576
0.000000001427935
0.000000000000000
-0.000000005079803
-0.000000003544185
0.000000035039404
0.000000009127552
-0.000000002844600
0.000000000002394
-0.000000000710269
0.000000000000000
-0.000000016583111
-0.000000015478001
-0.000000009306615
-0.000000001419842
0.000000845398962
0.000000008336255
-0.000000007845834
0.000000003589075
0.000000001114082
-0.000000004183901
-0.000000005271324
0.000000041552176
0.000007276718396
0.000000008292388
-0.000000007577355
0.000000000116788
0.000000001433485
0.000000000000000
-0.000000005157020
-0.000000003322673
0.000000036150910
0.000000009344803
-0.000000002877146
0.000000000002150
-0.000000000709433
0.000000000000000
-0.000000016551028
-0.000000015538283
-0.000000009529780
-0.000000001325185
0.000000839317932
0.000000008120057
-0.000000007635365
0.000000003458776
0.000000001121354
-0.000000003904975
-0.000000004919860
0.000000042644675
0.000007155458469
0.000000008205707
-0.000000007469009
0.000000000113000
0.000000001439051
0.000000000000000
-0.000000004440676
-0.000000003101163
0.000000037262415
0.000000009562055
-0.000000002909692
0.000000000001906
-0.000000000708594
0.000000000000000
-0.000000016518786
-0.000000015598615
-0.000000009752944
-0.000000001230529
0.000000833236902
0.000000007906692
-0.000000007424968
0.000000003129012
0.000000000983490
-0.000000003626048
-0.000000004568334
0.000000043737256
0.000007034198399
0.000000008119018
-0.000000007360659
0.000000000109212
0.000000001444605
0.000000000000000
-0.000000004475060
-0.000000002879651
0.000000038373942
0.000000009779304
-0.000000002942236
0.000000000001661
-0.000000000707761
0.000000000000000
-0.000000015769376
-0.000000015658895
-0.000000009976107
-0.000000001135873
0.000000827155830
0.000000007825323
-0.000000007283351
0.000000003121766
0.000000001080299
-0.000000003347121
-0.000000004216812
0.000000044829572
0.000006912938471
0.000000008032333
-0.000000007252311
0.000000000105787
0.000000001459225
0.000000000000000
-0.000000004155600
-0.000000002658141
0.000000039485436
0.000000009996557
-0.000000002974784
0.000000000001417
-0.000000000706923
0.000000000000000
-0.000000016407755
-0.000000015719208
-0.000000010199273
-0.000000001041217
0.000000821074817
0.000000007657603
-0.000000007099419
0.000000002999700
0.000000001093561
-0.000000003068194
-0.000000003457394
0.000000045922054
0.000006791678414
0.000000007938119
-0.000000007140114
0.000000000101278
0.000000001446767
0.000000000000000
-0.000000003816338
-0.000000002436628
0.000000040596941
0.000000010213808
-0.000000003007329
0.000000000001172
-0.000000000706083
0.000000000000000
-0.000000016419562
-0.000000015779500
-0.000000010422437
-0.000000000946561
0.000000814993713
0.000000007487865
-0.000000006912724
0.000000002972186
0.000000001175621
-0.000000002789267
-0.000000003509338
0.000000047014579
0.000006670418511
0.000000007858927
-0.000000007035571
0.000000000097846
0.000000001461204
0.000000000000000
-0.000000003475948
-0.000000002215118
0.000000041708463
0.000000010431059
-0.000000003039875
0.000000000000928
-0.000000000705250
0.000000000000000
-0.000000016390287
-0.000000015839797
-0.000000010645601
-0.000000000851905
0.000000808912699
0.000000007251107
-0.000000006690696
0.000000002644174
0.000000001039032
-0.000000002510341
-0.000000003162211
0.000000048107043
0.000006549158572
0.000000007772251
-0.000000006927254
0.000000000094061
0.000000001466822
0.000000000000000
-0.000000003135514
-0.000000001993607
0.000000042819951
0.000000010648309
-0.000000003072420
0.000000000000683
-0.000000000704412
0.000000000000000
-0.000000015822055
-0.000000015899962
-0.000000010868765
-0.000000000757248
0.000000802831662
0.000000007146591
-0.000000006536841
0.000000002604176
0.000000001112009
-0.000000002231414
-0.000000002810732
0.000000049199559
0.000006427898612
0.000000007685580
-0.000000006818913
0.000000000090274
0.000000001472398
0.000000000000000
-0.000000002795063
-0.000000001772096
0.000000043931451
0.000000010865561
-0.000000003104966
0.000000000000439
-0.000000000703577
0.000000000000000
-0.000000016293828
-0.000000015960366
-0.000000011091929
-0.000000000662592
0.000000796750568
0.000000006978171
-0.000000006351956
0.000000002479522
0.000000001123389
-0.000000001952487
-0.000000002459193
0.000000050291987
0.000006306638486
0.000000007598894
-0.000000006710564
0.000000000086486
0.000000001477954
0.000000000000000
-0.000000002454576
-0.000000001550584
0.000000045042966
0.000000011082812
-0.000000003137511
0.000000000000195
-0.000000000702735
0.000000000000000
-0.000000016292262
-0.000000016020678
-0.000000011315095
-0.000000000567936
0.000000790669590
0.000000006808398
-0.000000006165198
0.000000002349818
0.000000001131094
-0.000000001673560
-0.000000002107688
0.000000051384469
0.000006185378901
0.000000007512209
-0.000000006602217
0.000000000082698
0.000000001483518
0.000000000000000
-0.000000002114177
-0.000000001329073
0.000000046154467
0.000000011300065
-0.000000003170059
-0.000000000000050
-0.000000000701894
0.000000000000000
-0.000000016262047
-0.000000016080977
-0.000000011538259
-0.000000000473280
0.000000784588504
0.000000006638508
-0.000000005978308
0.000000002219688
0.000000001138488
-0.000000001394633
-0.000000001756163
0.000000052476960
0.000006064118775
0.000000007425518
-0.000000006493865
0.000000000078910
0.000000001489070
0.000000000000000
-0.000000001773721
-0.000000001107562
0.000000047266154
0.000000011517308
-0.000000003202600
-0.000000000000294
-0.000000000701075
0.000000000000000
-0.000000016229860
-0.000000016141252
-0.000000011761423
-0.000000000378624
0.000000778507490
0.000000006468651
-0.000000005791431
0.000000002089603
0.000000001145915
-0.000000001115707
-0.000000001404644
0.000000053569527
0.000005942858907
0.000000007338833
-0.000000006385517
0.000000000075123
0.000000001494633
0.000000000000000
-0.000000001433183
-0.000000000886051
0.000000048377490
0.000000011734566
-0.000000003235150
-0.000000000000539
-0.000000000700240
0.000000000000000
-0.000000016197949
-0.000000016201564
-0.000000011984587
-0.000000000283967
0.000000772426404
0.000000006298792
-0.000000005604553
0.000000001959431
0.000000001153280
-0.000000000836779
-0.000000001053120
0.000000054661892
0.000005821599173
0.000000007252144
-0.000000006277168
0.000000000071331
0.000000001500100
0.000000000000000
-0.000000001092770
-0.000000000664541
0.000000049488796
0.000000011951825
-0.000000003267699
-0.000000000000783
-0.000000000699504
0.000000000000000
-0.000000016165914
-0.000000016261847
-0.000000012207751
-0.000000000189311
0.000000766345385
0.000000006128986
-0.000000005417703
0.000000001931558
0.000000001235079
-0.000000000557854
-0.000000000701717
0.000000055753452
0.000005700338948
0.000000007165534
-0.000000006168856
0.000000000067482
0.000000001504121
0.000000000000000
-0.000000000752444
-0.000000000443029
0.000000050598121
0.000000012169170
-0.000000003300289
-0.000000000001032
-0.000000000700167
0.000000000000000
-0.000000016134221
-0.000000016322619
-0.000000012430917
-0.000000000094655
0.000000760264335
0.000000005892002
-0.000000005195642
0.000000002556691
-0.000000000278927
-0.000000000357490
0.000000056819896
0.000005579079174
0.000000007080232
-0.000000006061198
0.000000000073455
0.000000000000000
0.000000000156748
-0.000000000221518
0.000000051679260
0.000000012387793
-0.000000003333480
-0.000000000011168
0.000000000000000
-0.000000016109665
-0.000000016390990
-0.000000012654081
0.000000000000001
0.000000754183263
0.000000006229307
-0.000000006689370
-0.000000000825993
-0.000000001323902
0.000000055573386
0.000005457818933
0.000000007415162
-0.000000007740954
-0.000000000968474
-0.000000000856959
0.000000050768114
0.000000013301963
-0.000000006684586
-0.000000017055089
-0.000000017468368
-0.000000014433200
-0.000000004259527
0.000001027830391
-0.000020016316955
0.000027644253588
-0.000065590886609
-0.000047732719911
-0.000000012551704
0.000000237936891
0.000240546310849
0.000010914516933
-0.000023737945602
0.000034112271333
-0.000002935224937
-0.000073361592709
0.000000000000000
0.000002408858220
-0.000000009968008
0.000865071528378
-0.000011701549864
0.000016966830382
-0.000000100222667
-0.000038818935677
0.000000000000000
0.000419733361938
0.000442987236012
-0.000000002834850
-0.000000004164871
0.000001021749332
-0.000007017694869
0.000005046962809
0.002278632351217
0.001657996285903
-0.000000012272778
0.000014917932028
0.000004338230221
0.000010793257017
-0.000002253776362
0.000002947196017
0.000084788585402
0.002118875325048
0.000000000000000
0.000042076913255
-0.000000009746498
0.000074641877632
-0.000000903370539
0.000001416857542
0.000002687440906
0.001040755297830
0.000000000000000
0.000036906794894
0.000036548687828
-0.000000003058015
-0.000000004070215
0.000001015668296
-0.001493523794638
0.000791543509719
0.037034728029313
0.027082017365732
-0.000000011993851
0.000908244417012
0.012530501685900
0.000010671997092
-0.001797475047503
0.000905298410348
0.000200590328935
0.006090485689550
0.000000000000000
0.000808508849810
-0.000000009524986
0.020741561778319
-0.000874172567015
0.000418824196355
-0.000005916492253
-0.001095061784779
0.000000000000000
0.011408665873005
0.011750836172053
-0.000000003281179
-0.000000003975559
-0.041298239448349
-0.007123166937367
0.006375039325880
0.000014160063490
0.000010437251453
-0.000000011714924
0.184552809140314
0.000453998493070
0.041309799772663
-0.002035743746322
0.001566023251914
-0.000005157820311
-0.000129372876147
0.000000000000000
0.109968990886955
-0.000000009303475
0.001732185875003
-0.000023388447416
0.000033872563226
-0.000000199555231
-0.000077291717833
0.000000000000000
0.000866513206103
0.000901994127049
-0.000000003504342
-0.000000003880902
-0.041298245441265
-0.007127398094344
0.006380076800541
-0.000002004035708
-0.000001481925046
-0.000000011435997
0.185807821239905
0.000017119358274
0.041309678424447
-0.001997817725300
0.001510799985036
-0.000000471385735
-0.000011825879796
0.000000000000000
0.111069439551768
-0.000000009081964
0.000152017902144
-0.000002002784283
0.000002910688761
-0.000000017090362
-0.000006622598108
0.000000000000000
0.000069878252067
0.000073577138811
-0.000000003727508
-0.000000003786246
-0.041298251434131
-0.007126933414611
0.006379361297767
-0.000000346565683
-0.000000259606157
-0.000000011157071
0.185830146227140
0.000000674077092
0.041309557076381
-0.001994330966720
0.001505751851424
-0.000000040704599
-0.000001024800875
0.000000000000000
0.111136703471178
-0.000000008860453
0.000013712223624
-0.000000174747000
0.000000258066831
-0.000000001514872
-0.000000590588810
0.000000000000000
0.000005854280565
0.000006239141904
-0.000000003950672
-0.000000003691590
-0.041298257427002
-0.007126847763195
0.006379235762798
-0.000000035581954
-0.000000030185378
-0.000000010878144
0.185830559862319
0.000000041265446
0.041309435728411
-0.001994029041007
0.001505313989557
-0.000000003392982
-0.000000088981009
0.000000000000000
0.111141086086792
-0.000000008638943
0.000001270799189
-0.000000012213508
0.000000021749006
-0.000000000131330
-0.000000054693726
0.000000000000000
0.000000492207553
0.000000534657550
-0.000000004173835
-0.000000003596934
-0.041298263419927
-0.007126837570070
0.006379220957697
0.000000001914738
-0.000000002433329
-0.000000010599217
0.185830568235512
0.000000017460071
0.041309314380094
-0.001994002609658
0.001505275564182
-0.000000000120857
-0.000000006820875
0.000000000000000
0.111141387540468
-0.000000008417430
0.000000128652228
0.000000002823364
0.000000000099498
-0.000000000005229
-0.000000005763310
0.000000000000000
0.000000028107390
0.000000035273030
-0.000000004397001
-0.000000003502278
-0.041298269412844
-0.007126836628851
0.006379219543963
0.000000005940276
0.000000000637173
-0.000000010320290
0.185830568821191
0.000000017559296
0.041309193032135
-0.001994000314500
0.001505272205086
0.000000000169519
0.000000000561521
0.000000000000000
0.111141409558196
-0.000000008195919
0.000000022903879
0.000000004420882
-0.000000001949821
0.000000000006296
-0.000000001204727
0.000000000000000
-0.000000013124347
-0.000000009665046
-0.000000004620164
-0.000000003407622
-0.041298275405758
-0.007126836759521
0.006379219608670
0.000000006008020
0.000000000789207
-0.000000010041364
0.185830569251572
0.000000018611638
0.041309071683838
-0.001994000182107
0.001505271994667
0.000000000192714
0.000000001243442
0.000000000000000
0.111141411550291
-0.000000007974408
0.000000013885313
0.000000004768686
-0.000000002173400
0.000000000007165
-0.000000000772727
0.000000000000000
-0.000000016237769
-0.000000013846381
-0.000000004843330
-0.000000003312965
-0.041298281398667
-0.007126836843871
0.006379219743175
0.000000006021368
0.000000000901130
-0.000000009762437
0.185830569678757
0.000000019702540
0.041308950335898
-0.001994000247627
0.001505272072942
0.000000000191456
0.000000001312101
0.000000000000000
0.111141412053652
-0.000000007752898
0.000000014025136
0.000000004998440
-0.000000002224263
0.000000000007027
-0.000000000730583
0.000000000000000
-0.000000017121571
-0.000000014291846
-0.000000005066493
-0.000000003218309
-0.041298287391503
-0.007126837010530
0.006379219928120
0.000000005903075
0.000000000915981
-0.000000009483510
0.185830570105887
0.000000020794984
0.041308828987974
-0.001994000331569
0.001505272178150
0.000000000187921
0.000000001323660
0.000000000000000
0.111141412442892
-0.000000007531387
0.000000015042515
0.000000005216901
-0.000000002258584
0.000000000006793
-0.000000000725763
0.000000000000000
-0.000000017155329
-0.000000014388798
-0.000000005289657
-0.000000003123653
-0.041298293384432
-0.007126837179755
0.006379220116648
0.000000005813310
0.000000000951869
-0.000000009204582
0.185830570533009
0.000000021887394
0.041308707639819
-0.001994000417274
0.001505272285920
0.000000000184170
0.000000001329808
0.000000000000000
0.111141412823260
-0.000000007309874
0.000000016144818
0.000000005434272
-0.000000002291304
0.000000000006549
-0.000000000724531
0.000000000000000
-0.000000017128082
-0.000000014452608
-0.000000005512822
-0.000000003028997
-0.041298299377325
-0.007126837374797
0.006379220318915
0.000000005611109
0.000000000904846
-0.000000008925656
0.185830570960122
0.000000022979990
0.041308586291749
-0.001994000503160
0.001505272393941
0.000000000180398
0.000000001335437
0.000000000000000
0.111141413459708
-0.000000007088364
0.000000017255422
0.000000005651534
-0.000000002323867
0.000000000006305
-0.000000000723657
0.000000000000000
-0.000000017096560
-0.000000014513152
-0.000000005735987
-0.000000002934341
-0.041298305370225
-0.007126837519005
0.006379220494902
0.000000005516953
0.000000000937497
-0.000000008646729
0.185830571387242
0.000000024072352
0.041308464943546
-0.001994000589075
0.001505272501994
0.000000000176622
0.000000001340947
0.000000000000000
0.111141413595346
-0.000000006866852
0.000000018366847
0.000000005868786
-0.000000002356414
0.000000000006061
-0.000000000722817
0.000000000000000
-0.000000017064536
-0.000000014573314
-0.000000005959151
-0.000000002839684
-0.041298311363120
-0.007126837687950
0.006379220683064
0.000000005414906
0.000000000964327
-0.000000008367803
0.185830571814354
0.000000025164838
0.041308343595432
-0.001994000674945
0.001505272610024
0.000000000172848
0.000000001346505
0.000000000000000
0.111141413962659
-0.000000006645342
0.000000019478328
0.000000006086038
-0.000000002388960
0.000000000005816
-0.000000000721980
0.000000000000000
-0.000000017032452
-0.000000014633731
-0.000000006182316
-0.000000002745028
-0.041298317356027
-0.007126837873591
0.006379220880594
0.000000005239039
0.000000000936723
-0.000000008088877
0.185830572241475
0.000000026257322
0.041308222247380
-0.001994000760815
0.001505272718056
0.000000000169074
0.000000001352081
0.000000000000000
0.111141414507907
-0.000000006423830
0.000000020589842
0.000000006303289
-0.000000002421506
0.000000000005572
-0.000000000721142
0.000000000000000
-0.000000017000120
-0.000000014694169
-0.000000006405479
-0.000000002650372
-0.041298323348981
-0.007126838027164
0.006379221061218
0.000000005132198
0.000000000960020
-0.000000007809950
0.185830572668583
0.000000027349892
0.041308100899204
-0.001994000846703
0.001505272826095
0.000000000165300
0.000000001357649
0.000000000000000
0.111141414731755
-0.000000006202318
0.000000021701374
0.000000006520538
-0.000000002454050
0.000000000005328
-0.000000000720307
0.000000000000000
-0.000000016968044
-0.000000014754476
-0.000000006628644
-0.000000002555716
-0.041298329341814
-0.007126838196192
0.006379221249504
0.000000005005173
0.000000000968432
-0.000000007531023
0.185830573095705
0.000000028442380
0.041307979551088
-0.001994000932597
0.001505272934138
0.000000000161525
0.000000001363188
0.000000000000000
0.111141415101360
-0.000000005980808
0.000000022812865
0.000000006737789
-0.000000002486596
0.000000000005083
-0.000000000719473
0.000000000000000
-0.000000016935948
-0.000000014814749
-0.000000006851807
-0.000000002461060
-0.041298335334718
-0.007126838365549
0.006379221438265
0.000000004876928
0.000000000975945
-0.000000007252094
0.185830573522817
0.000000029534783
0.041307858203155
-0.001994001018473
0.001505273042173
0.000000000163492
0.000000001512741
0.000000000000000
0.111141415480317
-0.000000005759296
0.000000023924356
0.000000006955042
-0.000000002519143
0.000000000004839
-0.000000000718630
0.000000000000000
-0.000000016904062
-0.000000014875140
-0.000000007074972
-0.000000002366404
-0.041298341327627
-0.007126838534950
0.006379221627069
0.000000004771979
0.000000001000635
-0.000000006973169
0.185830573949963
0.000000030627281
0.041307736854927
-0.001994001226895
0.001505273211670
0.000000000148568
0.000000001238691
0.000000000000000
0.111141415859788
-0.000000005537786
0.000000025035860
0.000000007172292
-0.000000002551687
0.000000000004594
-0.000000000717798
0.000000000000000
-0.000000016871951
-0.000000014140214
-0.000000007298137
-0.000000002271747
-0.041298347320531
-0.007126838720205
0.006379221824207
0.000000004597976
0.000000000974407
-0.000000006694242
0.185830574377047
0.000000031719798
0.041307615506863
-0.001994001192792
0.001505273261822
0.000000000149889
0.000000001372018
0.000000000000000
0.111141416397915
-0.000000005316274
0.000000026147362
0.000000007389543
-0.000000002584233
0.000000000004350
-0.000000000716961
0.000000000000000
-0.000000016839885
-0.000000014949586
-0.000000007521301
-0.000000002177091
-0.041298353313435
-0.007126838874059
0.006379222005102
0.000000004624543
0.000000001096077
-0.000000006415317
0.185830574804165
0.000000032812280
0.041307494158662
-0.001994001276301
0.001505273366508
0.000000000146410
0.000000001384979
0.000000000000000
0.111141416626866
-0.000000005094763
0.000000027258875
0.000000007606794
-0.000000002616779
0.000000000004105
-0.000000000716124
0.000000000000000
-0.000000016807754
-0.000000015053278
-0.000000007744466
-0.000000002082435
-0.041298359306372
-0.007126839132953
0.006379222241139
0.000000004238364
0.000000000913390
-0.000000006136389
0.185830575231294
0.000000033904723
0.041307372810619
-0.001994001362054
0.001505273474355
0.000000000142652
0.000000001390964
0.000000000000000
0.111141416998857
-0.000000004873253
0.000000028370393
0.000000007824045
-0.000000002649325
0.000000000003861
-0.000000000715286
0.000000000000000
-0.000000016058267
-0.000000015116091
-0.000000007967630
-0.000000001987779
-0.041298365299218
-0.007126839214813
0.006379222385419
0.000000004226921
0.000000001007032
-0.000000005857462
0.185830575658445
0.000000034997314
0.041307251462469
-0.001994001447935
0.001505273582384
0.000000000138879
0.000000001396551
0.000000000000000
0.111141417378065
-0.000000004651741
0.000000029481879
0.000000008041295
-0.000000002681870
0.000000000003617
-0.000000000714441
0.000000000000000
-0.000000016696592
-0.000000015176539
-0.000000008190793
-0.000000001893123
-0.041298371292122
-0.007126839382121
0.006379222571311
0.000000004106206
0.000000001020098
-0.000000005578535
0.185830576085556
0.000000036089687
0.041307130114528
-0.001994001533826
0.001505273690425
0.000000000135104
0.000000001402108
0.000000000000000
0.111141417757578
-0.000000004430229
0.000000030593579
0.000000008258542
-0.000000002714415
0.000000000003372
-0.000000000713623
0.000000000000000
-0.000000016708381
-0.000000015236839
-0.000000008413959
-0.000000001798466
-0.041298377285046
-0.007126839551387
0.006379222759926
0.000000003978382
0.000000001027920
-0.000000005299608
0.185830576512631
0.000000037182163
0.041307008766453
-0.001994001619716
0.001505273798466
0.000000000131330
0.000000001407667
0.000000000000000
0.111141418137161
-0.000000004208719
0.000000031704903
0.000000008475801
-0.000000002746964
0.000000000003138
-0.000000000708966
0.000000000000000
-0.000000016679200
-0.000000015297126
-0.000000008637123
-0.000000001703810
-0.041298383277923
-0.007126839720807
0.006379222948734
0.000000003850016
0.000000001035344
-0.000000005020682
0.185830576939750
0.000000038816959
0.041306887418150
-0.001994001705604
0.001505273906506
0.000000000127557
0.000000001413249
0.000000000000000
0.111141418516712
-0.000000003987207
0.000000032816400
0.000000008689899
-0.000000002777982
0.000000000002874
-0.000000000715664
0.000000000000000
-0.000000016647092
-0.000000015357438
-0.000000008860287
-0.000000001609154
-0.041298389270848
-0.007126839890212
0.006379223137541
0.000000003721610
0.000000001042738
-0.000000004741755
0.185830577366884
0.000000039380153
0.041306766070186
-0.001994001791515
0.001505274014557
0.000000000123781
0.000000001418767
0.000000000000000
0.111141418896284
-0.000000003765696
0.000000033927898
0.000000008910276
-0.000000002812019
0.000000000002639
-0.000000000711193
0.000000000000000
-0.000000016614997
-0.000000015417600
-0.000000009083452
-0.000000001514498
-0.041298395263748
-0.007126840059590
0.006379223326334
0.000000003593285
0.000000001050192
-0.000000004462830
0.185830577793995
0.000000040459981
0.041306644722187
-0.001994001877389
0.001505274122592
0.000000000120007
0.000000001424341
0.000000000000000
0.111141419275834
-0.000000003544185
0.000000035039403
0.000000009127552
-0.000000002844600
0.000000000002394
-0.000000000710270
0.000000000000000
-0.000000016583111
-0.000000015478001
-0.000000009306615
-0.000000001419842
-0.041298401256664
-0.007126840228994
0.006379223515141
0.000000003464954
0.000000001057641
-0.000000004183901
0.185830578221112
0.000000041552176
0.041306523374021
-0.001994001963281
0.001505274230633
0.000000000116232
0.000000001429894
0.000000000000000
0.111141419655394
-0.000000003322673
0.000000036150909
0.000000009344803
-0.000000002877146
0.000000000002150
-0.000000000709432
0.000000000000000
-0.000000016551028
-0.000000015538283
-0.000000009529780
-0.000000001325185
-0.041298407249546
-0.007126840398424
0.006379223703962
0.000000003470350
0.000000001163700
-0.000000003904975
0.185830578648224
0.000000042644675
0.041306402025948
-0.001994002049166
0.001505274338672
0.000000000112458
0.000000001435460
0.000000000000000
0.111141420035012
-0.000000003101163
0.000000037262414
0.000000009562055
-0.000000002909692
0.000000000001906
-0.000000000708594
0.000000000000000
-0.000000016518786
-0.000000015598615
-0.000000009752944
-0.000000001230529
-0.041298413242430
-0.007126840657587
0.006379223940389
0.000000003111336
0.000000001001044
-0.000000003626048
0.185830579075354
0.000000043737256
0.041306280677731
-0.001994002135059
0.001505274446714
0.000000000108684
0.000000001441012
0.000000000000000
0.111141420414518
-0.000000002879651
0.000000038373942
0.000000009779304
-0.000000002942236
0.000000000001661
-0.000000000707761
0.000000000000000
-0.000000015769377
-0.000000015658895
-0.000000009976107
-0.000000001135873
-0.041298419235355
-0.007126840758010
0.006379224094725
0.000000003045040
0.000000001054238
-0.000000003347121
0.185830579502462
0.000000044829572
0.041306159329656
-0.001994002220946
0.001505274554753
0.000000000104909
0.000000001446576
0.000000000000000
0.111141420985159
-0.000000002658141
0.000000039485436
0.000000009996557
-0.000000002974784
0.000000000001417
-0.000000000706923
0.000000000000000
-0.000000016407755
-0.000000015719208
-0.000000010199273
-0.000000001041217
-0.041298425228221
-0.007126840907182
0.006379224271152
0.000000002970791
0.000000001101567
-0.000000003068194
0.185830579929583
0.000000045922054
0.041306037981453
-0.001994002306837
0.001505274662795
0.000000000101377
0.000000001458207
0.000000000000000
0.111141421184583
-0.000000002436628
0.000000040596940
0.000000010213808
-0.000000003007329
0.000000000001172
-0.000000000706083
0.000000000000000
-0.000000016419562
-0.000000015779500
-0.000000010422437
-0.000000000946561
-0.041298431221179
-0.007126841090357
0.006379224466839
0.000000002902851
0.000000001153549
-0.000000002789267
0.185830580729027
0.000000047014579
0.041305916633403
-0.001994002397790
0.001505274773428
0.000000000097122
0.000000001451719
0.000000000000000
0.111141421698646
-0.000000002215118
0.000000041708462
0.000000010431059
-0.000000003039875
0.000000000000928
-0.000000000705250
0.000000000000000
-0.000000016390287
-0.000000015839797
-0.000000010645601
-0.000000000851905
-0.041298437214047
-0.007126841312645
0.006379224684034
0.000000002659648
0.000000001076291
-0.000000002510341
0.185830580788838
0.000000048107043
0.041305795285317
-0.001994002478662
0.001505274878921
0.000000000093582
0.000000001463150
0.000000000000000
0.111141421941030
-0.000000001993607
0.000000042819950
0.000000010648309
-0.000000003072420
0.000000000000683
-0.000000000704412
0.000000000000000
-0.000000015822054
-0.000000015899962
-0.000000010868765
-0.000000000757248
-0.041298443206936
-0.007126841455824
0.006379224860357
0.000000002503775
0.000000001063431
-0.000000002231414
0.185830581210997
0.000000049199559
0.041305673937210
-0.001994002564510
0.001505274986920
0.000000000089812
0.000000001468804
0.000000000000000
0.111141422719637
-0.000000001772096
0.000000043931451
0.000000010865561
-0.000000003104966
0.000000000000439
-0.000000000703577
0.000000000000000
-0.000000016293829
-0.000000015960366
-0.000000011091929
-0.000000000662592
-0.041298449199884
-0.007126841585173
0.006379225026888
0.000000002434584
0.000000001114490
-0.000000001952487
0.185830581638060
0.000000050291987
0.041305552588938
-0.001994002650399
0.001505275094961
0.000000000086037
0.000000001474362
0.000000000000000
0.111141422713816
-0.000000001550584
0.000000045042965
0.000000011082812
-0.000000003137511
0.000000000000195
-0.000000000702735
0.000000000000000
-0.000000016292262
-0.000000016020678
-0.000000011315095
-0.000000000567936
-0.041298455192715
-0.007126841753690
0.006379225214480
0.000000002327448
0.000000001137569
-0.000000001673560
0.185830582065169
0.000000051384469
0.041305431241206
-0.001994002736288
0.001505275203000
0.000000000082533
0.000000001486700
0.000000000000000
0.111141423072617
-0.000000001329073
0.000000046154466
0.000000011300065
-0.000000003170059
-0.000000000000050
-0.000000000701894
0.000000000000000
-0.000000016262047
-0.000000016080977
-0.000000011538259
-0.000000000473280
-0.041298461185654
-0.007126841935142
0.006379225409628
0.000000002164407
0.000000001119422
-0.000000001394633
0.185830582907605
0.000000052476960
0.041305309892934
-0.001994002827827
0.001505275313935
0.000000000078339
0.000000001481735
0.000000000000000
0.111141423572725
-0.000000001107562
0.000000047266153
0.000000011517308
-0.000000003202600
-0.000000000000294
-0.000000000701075
0.000000000000000
-0.000000016229860
-0.000000016141252
-0.000000011761423
-0.000000000378624
-0.041298467178522
-0.007126842092744
0.006379225592433
0.000000002051825
0.000000001138485
-0.000000001115707
0.185830583105192
0.000000053569527
0.041305188544919
-0.001994002910546
0.001505275420377
0.000000000074595
0.000000001488045
0.000000000000000
0.111141423838313
-0.000000000886051
0.000000048377490
0.000000011734566
-0.000000003235150
-0.000000000000539
-0.000000000700240
0.000000000000000
-0.000000016197948
-0.000000016201564
-0.000000011984587
-0.000000000283967
-0.041298473171462
-0.007126842261870
0.006379225780857
0.000000001942342
0.000000001159833
-0.000000000836779
0.185830583348656
0.000000054661891
0.041305067197038
-0.001994002993972
0.001505275527140
0.000000000070935
0.000000001496474
0.000000000000000
0.111141424210638
-0.000000000664541
0.000000049488796
0.000000011951825
-0.000000003267699
-0.000000000000783
-0.000000000699504
0.000000000000000
-0.000000016165914
-0.000000016261847
-0.000000012207751
-0.000000000189311
-0.041298479164333
-0.007126842443267
0.006379225976001
0.000000001777427
0.000000001140305
-0.000000000557854
0.185830583773506
0.000000055753452
0.041304945848666
-0.001994003079774
0.001505275635128
0.000000000067101
0.000000001500546
0.000000000000000
0.111141424711297
-0.000000000443029
0.000000050598120
0.000000012169170
-0.000000003300289
-0.000000000001032
-0.000000000700167
0.000000000000000
-0.000000016134221
-0.000000016322620
-0.000000012430917
-0.000000000094655
-0.041298485157237
-0.007126842599614
0.006379226158138
0.000000002640493
-0.000000000278927
0.185830584191574
0.000000056819896
0.041304824500746
-0.001994003164291
0.001505275742483
0.000000000073196
0.000000000000000
0.111141424973436
-0.000000000221518
0.000000051679260
0.000000012387793
-0.000000003333480
-0.000000000011168
0.000000000000000
-0.000000016109665
-0.000000016390991
-0.000000012654081
0.000000000000001
-0.041298491150162
-0.007126842346115
0.006379224697089
-0.000000000825993
0.185830583037003
0.000000055573385
0.041304703152358
-0.001994002829970
0.001505274060127
0.111141424457359
-0.000000000856959
0.000000050768114
0.000000013301963
-0.000000006684586
-0.000000017055089
-0.000000017468368
-0.000000014433200
0.002394246813252
0.348083208732336
-0.025034926625276
0.022008687931033
-0.002658779835107
0.000558369789587
0.007075152599376
0.868355217019745
-0.007589753378094
-0.690494504518745
-0.007377491550150
0.005483805660011
-0.000097563243271
-0.000054954713050
0.000000000000000
0.414347339862145
0.000803016817399
0.001102024695401
0.000121716917960
-0.000073613863615
-0.000006395528798
-0.000081876397106
0.000000000000000
0.009692760588845
0.001907149213145
-0.000000003504342
0.002394246907580
0.348083202326100
-0.025167750075512
0.022195769863349
-0.003115374132595
0.000210045119500
0.007075152878153
0.880167643735724
-0.008303542588347
-0.690494625788632
-0.007357399763152
0.005451356496495
-0.000095015692460
0.000009569981266
0.000000000000000
0.421754702262546
0.000803017039055
-0.000527171015730
0.000144389205496
-0.000106400683323
-0.000006201964096
-0.000006911830731
0.000000000000000
0.009010256258160
0.001092013723066
-0.000000003727508
0.002394247001908
0.348083195919910
-0.025175770625470
0.022207008819079
-0.003142679009973
0.000189206604848
0.007075153156929
0.880393962710074
-0.008330186581188
-0.690494747058272
-0.007354315422022
0.005446787763610
-0.000094637003584
0.000019159310794
0.000000000000000
0.422233236954358
0.000803017260710
-0.000669613751261
0.000146297647775
-0.000109168182266
-0.000006185696904
-0.000000612199856
0.000000000000000
0.008954688151285
0.001025672785461
-0.000000003950672
0.002394247096236
0.348083189513709
-0.025176291124207
0.022207726651421
-0.003144415401308
0.000187881474725
0.007075153435705
0.880398496149869
-0.008331207059527
-0.690494868328004
-0.007354025563844
0.005446362351498
-0.000094601593132
0.000020056057563
0.000000000000000
0.422266284455877
0.000803017482366
-0.000682418384502
0.000146466141130
-0.000109413069915
-0.000006184262178
-0.000000056499809
0.000000000000000
0.008949986678317
0.001020047353440
-0.000000004173835
0.002394247190564
0.348083183107470
-0.025176327433531
0.022207775432369
-0.003144532538936
0.000187792172321
0.007075153714482
0.880398591982363
-0.008331245971646
-0.690494989597854
-0.007353999693303
0.005446324398818
-0.000094598432426
0.000020136188307
0.000000000000000
0.422268720221830
0.000803017704022
-0.000683593374371
0.000146481673271
-0.000109435434904
-0.000006184131830
-0.000000005924703
0.000000000000000
0.008949576433165
0.001019554514652
-0.000000004397001
0.002394247284892
0.348083176701259
-0.025176330300671
0.022207779121485
-0.003144541030813
0.000187785790331
0.007075153993259
0.880398594789850
-0.008331246478941
-0.690495110867514
-0.007353997434085
0.005446321066215
-0.000094598150554
0.000020143422214
0.000000000000000
0.422268911376037
0.000803017925677
-0.000683702164284
0.000146483314862
-0.000109437548074
-0.000006184119931
-0.000000001219782
0.000000000000000
0.008949539745346
0.001019510137899
-0.000000004620164
0.002394247379220
0.348083170295041
-0.025176330687325
0.022207779584648
-0.003144541790734
0.000187785309593
0.007075154272035
0.880398595562096
-0.008331245457499
-0.690495232137497
-0.007353997302362
0.005446320856798
-0.000094598127929
0.000020144091539
0.000000000000000
0.422268927667701
0.000803018147334
-0.000683711470559
0.000146483666743
-0.000109437777554
-0.000006184119030
-0.000000000774222
0.000000000000000
0.008949536420272
0.001019506005895
-0.000000004843330
0.002394247473549
0.348083163888823
-0.025176330875255
0.022207779801354
-0.003144541963702
0.000187785276839
0.007075154550811
0.880398596288043
-0.008331244374455
-0.690495353407128
-0.007353997365685
0.005446320934177
-0.000094598129069
0.000020144159090
0.000000000000000
0.422268929537169
0.000803018368990
-0.000683711358921
0.000146483896879
-0.000109437828950
-0.000006184119168
-0.000000000730790
0.000000000000000
0.008949536138200
0.001019505564795
-0.000000005066493
0.002394247567877
0.348083157482664
-0.025176331045924
0.022207779997791
-0.003144542088749
0.000187785280662
0.007075154829589
0.880398597012928
-0.008331243288848
-0.690495474676689
-0.007353997447195
0.005446321038340
-0.000094598132320
0.000020144173170
0.000000000000000
0.422268930151317
0.000803018590645
-0.000683710344914
0.000146484115371
-0.000109437863293
-0.000006184119406
-0.000000000725842
0.000000000000000
0.008949536138557
0.001019505468278
-0.000000005289657
0.002394247662205
0.348083151076415
-0.025176331214967
0.022207780192420
-0.003144542209562
0.000187785287718
0.007075155108365
0.880398598176790
-0.008331242203111
-0.690495595946452
-0.007353997532787
0.005446321146185
-0.000094598130447
0.000020144316615
0.000000000000000
0.422268930650524
0.000803018812301
-0.000683709243536
0.000146484332737
-0.000109437895986
-0.000006184119652
-0.000000000724599
0.000000000000000
0.008949536165487
0.001019505404450
-0.000000005512822
0.002394247756533
0.348083144670208
-0.025176331383847
0.022207780386875
-0.003144542329973
0.000187785295079
0.007075155387142
0.880398598467910
-0.008331241117323
-0.690495717216179
-0.007353997736107
0.005446321313605
-0.000094598144855
0.000020144048587
0.000000000000000
0.422268931138731
0.000803019033957
-0.000683708133631
0.000146484549994
-0.000109437928517
-0.000006184119900
-0.000000000723725
0.000000000000000
0.008949536194967
0.001019506136172
-0.000000005735987
0.002394247850861
0.348083138263973
-0.025176331552711
0.022207780581313
-0.003144542450327
0.000187785302485
0.007075155665918
0.880398599187575
-0.008331240031655
-0.690495838486040
-0.007353997699945
0.005446321362816
-0.000094598143493
0.000020144179471
0.000000000000000
0.422268931625861
0.000803019255613
-0.000683707022907
0.000146484767239
-0.000109437961032
-0.000006184120148
-0.000000000722884
0.000000000000000
0.008949536224696
0.001019505332922
-0.000000005959151
0.002394247945189
0.348083131857775
-0.025176331721581
0.022207780775754
-0.003144542570706
0.000187785309870
0.007075155944696
0.880398599912359
-0.008331238945925
-0.690495959755821
-0.007353997780830
0.005446321466174
-0.000094598146771
0.000020144192863
0.000000000000000
0.422268932112986
0.000803019477270
-0.000683705912098
0.000146484984484
-0.000109437993545
-0.000006184120396
-0.000000000722047
0.000000000000000
0.008949536254447
0.001019505226065
-0.000000006182316
0.002394248039517
0.348083125451546
-0.025176331890440
0.022207780970189
-0.003144542691073
0.000187785317265
0.007075156223472
0.880398600637229
-0.008331237860189
-0.690496081025366
-0.007353997864082
0.005446321572917
-0.000094598144693
0.000020144341522
0.000000000000000
0.422268932599942
0.000803019698924
-0.000683704801241
0.000146485201728
-0.000109438026059
-0.000006184120644
-0.000000000721212
0.000000000000000
0.008949536284206
0.001019505162731
-0.000000006405479
0.002394248133845
0.348083119045346
-0.025176332059296
0.022207781164622
-0.003144542811426
0.000187785324671
0.007075156502248
0.880398601362080
-0.008331236774464
-0.690496202295264
-0.007353998069781
0.005446321741489
-0.000094598159204
0.000020144070860
0.000000000000000
0.422268933086843
0.000803019920581
-0.000683703690441
0.000146485418973
-0.000109438058572
-0.000006184120892
-0.000000000720370
0.000000000000000
0.008949536313959
0.001019505894777
-0.000000006628644
0.002394248228173
0.348083112639150
-0.025176332228162
0.022207781359061
-0.003144542911264
0.000187785347694
0.007075156781026
0.880398602086929
-0.008331235688680
-0.690496323565003
-0.007353998033623
0.005446321790711
-0.000094598157845
0.000020144201686
0.000000000000000
0.422268933573856
0.000803020142237
-0.000683702579562
0.000146485636215
-0.000109438091084
-0.000006184121140
-0.000000000719542
0.000000000000000
0.008949536343714
0.001019505091504
-0.000000006851807
0.002394248322501
0.348083106232944
-0.025176332410798
0.022207781561387
-0.003144543071352
0.000187785324815
0.007075157059802
0.880398602811809
-0.008331234602999
-0.690496444834640
-0.007353998114484
0.005446321894059
-0.000094598161122
0.000020144215108
0.000000000000000
0.422268934312953
0.000803020363893
-0.000683701468773
0.000146485853461
-0.000109438123599
-0.000006184121388
-0.000000000718697
0.000000000000000
0.008949536373487
0.001019504984485
-0.000000007074972
0.002394248416830
0.348083099826696
-0.025176332566233
0.022207781748425
-0.003144543045480
0.000187785443570
0.007075157338578
0.880398603536686
-0.008331233517268
-0.690496566104508
-0.007353998197739
0.005446322000802
-0.000094598164690
0.000020144221164
0.000000000000000
0.422268934563697
0.000803020585548
-0.000683700357938
0.000146486070704
-0.000109438156110
-0.000006184121636
-0.000000000717866
0.000000000000000
0.008949536403166
0.001019504921164
-0.000000007298137
0.002394248511158
0.348083093420511
-0.025176332824883
0.022207781991687
-0.003144543412477
0.000187785262986
0.007075157617355
0.880398604261513
-0.008331232431535
-0.690496687374244
-0.007353998281144
0.005446322107760
-0.000094598168277
0.000020144226753
0.000000000000000
0.422268935035829
0.000803020807204
-0.000683699247121
0.000146486287948
-0.000109438188625
-0.000006184121884
-0.000000000717028
0.000000000000000
0.008949537165199
0.001019504860598
-0.000000007521301
0.002394248605486
0.348083087014277
-0.025176332905859
0.022207782140038
-0.003144543396315
0.000187785374533
0.007075157896132
0.880398604986359
-0.008331231345742
-0.690496808644132
-0.007353998364558
0.005446322214729
-0.000094598171864
0.000020144232318
0.000000000000000
0.422268935521851
0.000803021028860
-0.000683698136292
0.000146486505193
-0.000109438221138
-0.000006184122132
-0.000000000716192
0.000000000000000
0.008949536510746
0.001019504800205
-0.000000007744466
0.002394248699814
0.348083080608056
-0.025176333090888
0.022207782340973
-0.003144543557389
0.000187785350908
0.007075158174908
0.880398605711218
-0.008331230260072
-0.690496929913778
-0.007353998447973
0.005446322321701
-0.000094598175452
0.000020144237886
0.000000000000000
0.422268936313022
0.000803021250515
-0.000683697025463
0.000146486722438
-0.000109438253652
-0.000006184122380
-0.000000000715352
0.000000000000000
0.008949536495647
0.001019504739819
-0.000000007967630
0.002394248794142
0.348083074201871
-0.025176333241715
0.022207782526247
-0.003144543655353
0.000187785375401
0.007075158453685
0.880398606436080
-0.008331229174332
-0.690497051183556
-0.007353998531394
0.005446322428675
-0.000094598179040
0.000020144243436
0.000000000000000
0.422268936513518
0.000803021472171
-0.000683695914628
0.000146486939681
-0.000109438286164
-0.000006184122628
-0.000000000714516
0.000000000000000
0.008949536522448
0.001019504679473
-0.000000008190793
0.002394248888470
0.348083067795704
-0.025176333410221
0.022207782720150
-0.003144543774417
0.000187785383791
0.007075158732461
0.880398607160957
-0.008331228088596
-0.690497172453202
-0.007353998614804
0.005446322535645
-0.000094598182476
0.000020144252831
0.000000000000000
0.422268936983798
0.000803021693829
-0.000683694803803
0.000146487156928
-0.000109438318680
-0.000006184122876
-0.000000000713681
0.000000000000000
0.008949536552054
0.001019504619054
-0.000000008413959
0.002394248982798
0.348083061389470
-0.025176333579058
0.022207782914553
-0.003144543870272
0.000187785409846
0.007075159011239
0.880398608523615
-0.008331227002835
-0.690497293722959
-0.007353998701642
0.005446322644272
-0.000094598186364
0.000020144250781
0.000000000000000
0.422268937469840
0.000803021915483
-0.000683693692971
0.000146487374172
-0.000109438351193
-0.000006184123124
-0.000000000712843
0.000000000000000
0.008949536581755
0.001019504558656
-0.000000008637123
0.002394249077126
0.348083054983239
-0.025176333764193
0.022207783118376
-0.003144544038157
0.000187785381024
0.007075159290015
0.880398608619263
-0.008331225917150
-0.690497414992829
-0.007353998781647
0.005446322749610
-0.000094598189567
0.000020144266081
0.000000000000000
0.422268938256858
0.000803022137139
-0.000683692582108
0.000146487591414
-0.000109438383706
-0.000006184123372
-0.000000000712011
0.000000000000000
0.008949536611505
0.001019504498267
-0.000000008860287
0.002394249171455
0.348083048576955
-0.025176333917133
0.022207783303912
-0.003144544136625
0.000187785405132
0.007075159568792
0.880398610334793
-0.008331224831408
-0.690497536262434
-0.007353998870262
0.005446322859156
-0.000094598193457
0.000020144263976
0.000000000000000
0.422268938459357
0.000803022358796
-0.000683691471307
0.000146487808660
-0.000109438416219
-0.000006184123620
-0.000000000711170
0.000000000000000
0.008949536641282
0.001019504437903
-0.000000009083452
0.002394249265783
0.348083042170808
-0.025176334085661
0.022207783497884
-0.003144544255851
0.000187785413399
0.007075159847568
0.880398610776083
-0.008331223745630
-0.690497657532218
-0.007353998952259
0.005446322965391
-0.000094598197145
0.000020144267022
0.000000000000000
0.422268938931568
0.000803022580451
-0.000683690360485
0.000146488025904
-0.000109438448732
-0.000006184123792
-0.000000000681130
0.000000000000000
0.008949536671023
0.001019504377510
-0.000000009306615
0.002394249360111
0.348083035764605
-0.025176334254502
0.022207783692295
-0.003144544376147
0.000187785420847
0.007075160126345
0.880398610794544
-0.008331222659961
-0.690497778801985
-0.007353999031916
0.005446323070539
-0.000094598200569
0.000020144276724
0.000000000000000
0.422268939417745
0.000803022802108
-0.000683688630556
0.000146488218417
-0.000109438469550
-0.000006184124186
-0.000000000736679
0.000000000000000
0.008949536700770
0.001019504317259
-0.000000009529780
0.002394249454439
0.348083029358401
-0.025176334423368
0.022207783886733
-0.003144544496517
0.000187785428240
0.007075160405122
0.880398611510220
-0.008331221574228
-0.690497900071641
-0.007353999115293
0.005446323177476
-0.000094598204069
0.000020144284499
0.000000000000000
0.422268939904741
0.000803023023762
-0.000683688095881
0.000146488459821
-0.000109438512948
-0.000006184124368
-0.000000000710547
0.000000000000000
0.008949536730528
0.001019504256738
-0.000000009752944
0.002394249548767
0.348083022952143
-0.025176334592226
0.022207784081167
-0.003144544616872
0.000187785435646
0.007075160683898
0.880398612586155
-0.008331220488493
-0.690498021341427
-0.007353999200392
0.005446323285369
-0.000094598207825
0.000020144285814
0.000000000000000
0.422268940391699
0.000803023245420
-0.000683687024994
0.000146488677596
-0.000109438546215
-0.000006184124612
-0.000000000707957
0.000000000000000
0.008949536760284
0.001019504196467
-0.000000009976107
0.002394249643095
0.348083016545945
-0.025176334761088
0.022207784275604
-0.003144544689247
0.000187785479575
0.007075160962676
0.880398612963861
-0.008331219402761
-0.690498142611296
-0.007353999282130
0.005446323391428
-0.000094598211329
0.000020144293487
0.000000000000000
0.422268940878661
0.000803023467074
-0.000683685916951
0.000146488894878
-0.000109438578782
-0.000006184124860
-0.000000000706996
0.000000000000000
0.008949536790050
0.001019504135966
-0.000000010199273
0.002394249737423
0.348083010139757
-0.025176334963922
0.022207784488485
-0.003144544902687
0.000187785416031
0.007075161241451
0.880398613684715
-0.008331218317024
-0.690498263881038
-0.007353999365558
0.005446323498400
-0.000094598214917
0.000020144299033
0.000000000000000
0.422268941955173
0.000803023688731
-0.000683684806246
0.000146489112122
-0.000109438611297
-0.000006184125107
-0.000000000706147
0.000000000000000
0.008949536819794
0.001019504075707
-0.000000010422437
0.002394249831751
0.348083003733490
-0.025176335099562
0.022207784665548
-0.003144544980474
0.000187785455922
0.007075161520228
0.880398614409503
-0.008331217231309
-0.690498385150775
-0.007353999448960
0.005446323605365
-0.000094598218500
0.000020144304713
0.000000000000000
0.422268941886791
0.000803023910386
-0.000683683695316
0.000146489329362
-0.000109438643809
-0.000006184125355
-0.000000000705238
0.000000000000000
0.008949536849616
0.001019504015243
-0.000000010645601
0.002394249926079
0.348082997327272
-0.025176335267795
0.022207784859017
-0.003144545097442
0.000187785465910
0.007075161799005
0.880398615134389
-0.008331216145551
-0.690498506420513
-0.007353999532468
0.005446323712383
-0.000094598222054
0.000020144311117
0.000000000000000
0.422268942341862
0.000803024132042
-0.000683682582823
0.000146489546537
-0.000109438676290
-0.000006184125601
-0.000000000703664
0.000000000000000
0.008949536879825
0.001019503955451
-0.000000010868765
0.002394250020407
0.348082990921098
-0.025176335437362
0.022207785053794
-0.003144545206615
0.000187785481824
0.007075162077782
0.880398615859209
-0.008331215059785
-0.690498627690306
-0.007353999616717
0.005446323819764
-0.000094598225270
0.000020144326058
0.000000000000000
0.422268942828890
0.000803024353698
-0.000683681454715
0.000146489763074
-0.000109438708477
-0.000006184125829
-0.000000000695059
0.000000000000000
0.008949536914631
0.001019503900338
-0.000000011091929
0.002394250114736
0.348082984514852
-0.025176335614875
0.022207785252870
-0.003144545194447
0.000187785590091
0.007075162356559
0.880398616584096
-0.008331213973161
-0.690498748960181
-0.007353999709212
0.005446323931199
-0.000094598224600
0.000020144439146
0.000000000000000
0.422268943341453
0.000803024575355
-0.000683680162030
0.000146489972875
-0.000109438737552
-0.000006184125861
-0.000000000610759
0.000000000000000
0.008949537001420
0.001019503897347
-0.000000011315095
0.002394250209064
0.348082978108672
-0.025176335887151
0.022207785502873
-0.003144543665352
0.000187786852884
0.007075162635334
0.880398617309589
-0.008331212864855
-0.690498870229646
-0.007353999896092
0.005446324089092
-0.000094598178018
0.000020145711464
0.000000000000000
0.422268944174964
0.000803024797010
-0.000683677103522
0.000146490110417
-0.000109438733210
-0.000006184123730
0.000000000308614
0.000000000000000
0.008949537695623
0.001019504492012
-0.000000011538259
0.002394250303392
0.348082971702439
-0.025176337336731
0.022207786386715
-0.003144522245169
0.000187803254867
0.007075162914112
0.880398618067802
-0.008331211205559
-0.690498991499481
-0.007354001192901
0.005446324794321
-0.000094597564095
0.000020161309054
0.000000000000000
0.422268949501991
0.000803025018666
-0.000683654658052
0.000146489453781
-0.000109438361047
-0.000006184096933
0.000000010752830
0.000000000000000
0.008949545717525
0.001019512126509
-0.000000011761423
0.002394250397720
0.348082965296264
-0.025176354127014
0.022207795548058
-0.003144223080209
0.000188031052260
0.007075163192888
0.880398620641576
-0.008331195268751
-0.690499112769285
-0.007354016120349
0.005446332236472
-0.000094589508502
0.000020364810131
0.000000000000000
0.422269020757368
0.000803025240322
-0.000683413018825
0.000146479784745
-0.000109433806968
-0.000006183775443
0.000000134993184
0.000000000000000
0.008949646065759
0.001019606364278
-0.000000011984587
0.002394250492048
0.348082958890032
-0.025176583490201
0.022207919718863
-0.003139719930679
0.000191458610291
0.007075163471665
0.880398725698273
-0.008330800250239
-0.690499234038911
-0.007354208429928
0.005446427603943
-0.000094475369679
0.000023246976831
0.000000000000000
0.422270119006674
0.000803025461978
-0.000680595776769
0.000146363169899
-0.000109379502760
-0.000006179690820
0.000001712394165
0.000000000000000
0.008950977631298
0.001020828252772
-0.000000012207751
0.002394250586376
0.348082952483802
-0.025180001142357
0.022209774442846
-0.003064819911185
0.000248468178689
0.007075163750441
0.880404749246038
-0.008320024552800
-0.690499355308776
-0.007356903664979
0.005447768286041
-0.000092650360779
0.000069330752540
0.000000000000000
0.422288496880340
0.000803025683633
-0.000645928920641
0.000144893399417
-0.000108693547443
-0.000006122688437
0.000023724814018
0.000000000000000
0.008969986735994
0.001037872419865
-0.000000012430917
0.002394250680704
0.348082946077598
-0.025236243259454
0.022240415336996
0.054851965284364
0.007075164029218
0.880762508900213
-0.008013378279114
-0.690499476578281
-0.007399416238294
0.005469021930034
0.001618671736956
0.000000000000000
0.422627191048671
0.000803025905289
-0.000189707666533
0.000124632266947
-0.000099192720728
0.000105488613089
0.000000000000000
0.009267862633726
0.001299390247026
-0.000000012654081
0.002394250775032
0.348082939671390
-0.037016616096842
0.068711390047702
0.029740763773383
0.939687588472276
0.019345317175043
-0.690499597848446
-0.016759501750603
0.046112684668587
0.461857173269897
0.020003347707785
0.024536749026417
-0.007928828552610
0.038692659345203
0.037354353114263
0.025124631837921
0.018025622148619
