beta: 0.980
psi: -1.000
delta: 0.060
varphi: 0.800
zeta: 5.000
theta: 5.000
alpha: 0.333
cap_adj_cost: 1

phi: 1.000 1.000 1.000

Lbar: 128.762 719.140 2705.124

mu: 0.840 0.073 0.088
 0.013 0.892 0.095
 0.003 0.024 0.973

Ybar: 1.000 1.000 1.000

Ybare:1.000
1.000
1.000
Ybar2: 0.782 1.195 1.040
 0.946 0.759 0.941
 0.977 0.949 0.685

gamma: 0.461 0.424 0.404

kappa: 0.4358 0.4568 0.5119

lambda: 5.000 5.000 5.000
psi: 0.786 0.390 0.015 0.046 0.012 0.007
omega: 0.850 0.850 0.850
chi: 0.773 0.780 0.790
xi: 0.647 0.647 0.647
