0.020000000000000
0.980392156862745
-1.000000000000000
0.060000000000000
0.800000000000000
5.000000000000000
0.200000000000000
0.800000000000000
1.250000000000000
5.000000000000000
0.333333333333333
1
1.000000000000000
1.000000000000000
1.000000000000000
128.761981722798453
719.139525318221558
2705.123564347406500
0.839662573985341
0.072597268438426
0.087740157576233
0.012733628242020
0.891896292021202
0.095370079736778
0.003287583233251
0.023791359341160
0.972921057425589
0.965652700122295
0.591812393890135
0.614666694986582
0.417821162721003
0.977378703276140
0.625003470874039
0.318695074471861
0.473460607827286
0.994524578413102
1.000000004732808
1.000000003543292
1.000000000533297
1.000000003786246
1.000000002834633
1.000000000426638
0.781718733876928
1.194531662532252
1.039614630859807
0.945611723568377
0.758600766157435
0.940642971750929
0.977000292769814
0.949102207618295
0.684657423156802
0.461110634247035
0.424067112159001
0.403636330673560
0.435831690502354 0.435831690502354
0.456843405844171 0.456843405844171
0.511897489712751 0.511897489712751
1.000000000000000
1.000000000000000
1.000000000000000
0.000000000000000 0.000000000000000
0.000000000000000 0.000000000000000
0.000000000000000 0.000000000000000
5.000000000000000 5.000000000000000
5.000000000000000 5.000000000000000
5.000000000000000 5.000000000000000
0.785983875046662 0.389783094555308
0.015483822115514 0.046434354272201
0.011610091646057 0.006607297602717
0.850000000000000 0.850000000000000
0.850000000000000 0.850000000000000
0.850000000000000 0.850000000000000
0.772804624957501 0.772804624957501
0.780477206681202 0.780477206681202
0.789869511125777 0.789869511125777
0.647058800000000 0.647058800000000
0.647058800000000 0.647058800000000
0.647058800000000 0.647058800000000
1
2
0
2
0
1
71.442249270752370
10.322733173568601
10.115611679891774
87.427631985654031
4.510719966614176
5.387869931660931
189.206816008141885
7.288423680173747
495.694061364355605
70.664655841121501
6.447474255124133
543.279403397342776
41.529888263161219
1164.903906801279163
10.476142894459786
76.581306328739970
2351.346005751047869
6.124892863742191
34.515671049841089
2236.724516914548076
4715.768535802379120
100.000000000000000
582.305798541392960
2283.642277624278904
0.000000000000000
0.000000000000000
0.000000000000000
2965.948076165671864
189.206815845385904
1164.903899408057214
4715.768550896340457
99.999999104520356
582.305794413798026
2283.642275109370075
9035.827334777472061
258.994320615389256
1455.520935680156299
5585.368979707960534
42.920660574266151
239.713175106073862
901.707854782468758
189.206815845385904
1164.903899408057214
4715.768550896340457
158.869881256406416
13.735897935297881
16.601035758201977
14.833453140182776
1038.973464761698324
111.096977378581059
15.503481611552704
112.194544104282727
4588.070522665595490
83.362785558191746
496.072097605468457
1948.520151420853836
15.539659236923354
87.331256140809373
335.122138782477634
89.206815845385904
582.598100866664254
2432.126273272061553
100.000000000000000
582.305798541392960
2283.642277624278904
0.000000000000000
14.833453140182776
15.503481611552704
13.735897935297881
0.000000000000000
112.194544104282727
16.601035758201977
111.096977378581059
0.000000000000000
0.000000000000000
13.735897935297881
16.601035758201977
14.833453140182776
0.000000000000000
111.096977378581059
15.503481611552704
112.194544104282727
0.000000000000000
0.000000000000000
1.097555204884895
-1.097554146649273
-1.097555204884895
0.000000000000000
1.097566725701668
1.097554146649273
-1.097566725701668
0.000000000000000
0.000000000000000
0.000000000000000
0.000000000000000
0.080000000000000
0.080000000000000
0.080000000000000
