0.020000000000000
0.980392156862745
-1.000000000000000
0.060000000000000
0.800000000000000
3.650000000000000
0.273972602739726
0.726027397260274
1.377358490566038
5.000000000000000
0.333333333333333
1
1.000000000000000
1.000000000000000
1.000000000000000
137.597199757434765
760.210665067064156
2746.957504558231449
0.839662573985341
0.072597268438426
0.087740157576233
0.012733628242020
0.891896292021202
0.095370079736778
0.003287583233251
0.023791359341160
0.972921057425589
0.953249954925355
0.487442468446298
0.513411175529988
0.302558119858622
0.969142179235166
0.525275190870891
0.208781619553225
0.359073502513566
0.992507026157595
1.000000004732809
1.000000003543293
1.000000000533299
1.000000003436149
1.000000002572528
1.000000000387189
1.118771267503040
2.363756066010717
2.458637934506896
1.451832589533635
1.126491920653562
2.024911382053055
1.519188083118682
1.574397030952897
1.120410912650608
0.461110634247035
0.424067112159001
0.403636330673560
0.103458315090526
0.104937710988862
0.125590400976732
0.500000000000000
0.500000000000000
0.500000000000000
7.331628699247265
12.475477367079062
120.706074298218653
112.888524049990664
212.280011935026380
536.445968738151919
7.331628699247476
10.177096586572768
57.697315313328531
85.122062818077922
84.039557671203056
255.186150275050409
1.000000000000000
1.000000000000000
1.000000000000000
1
2
0
2
0
1
71.442249270752370
10.322733173568601
10.115611679891774
87.427631985654031
4.510719966614176
5.387869931660931
189.206816008141885
7.288423680173747
495.694061364355605
70.664655841121501
6.447474255124133
543.279403397342776
41.529888263161219
1164.903906801279163
10.476142894459786
76.581306328739970
2351.346005751047869
6.124892863742191
34.515671049841089
2236.724516914548076
4715.768535802379120
100.000000000000000
582.305798541392960
2283.642277624278904
0.000000000000000
0.000000000000000
0.000000000000000
2965.948076165671864
189.206815845385904
1164.903899408057214
4715.768550896340457
99.999999104520356
582.305794413798026
2283.642275109370075
9035.827334777472061
258.994320671363937
1455.520935725905474
5585.368926753656524
45.865733252478257
253.403555022354738
915.652501519410407
189.206815845385904
1164.903899408057214
4715.768550896340457
158.869881256406416
13.735897935297881
16.601035758201977
14.833453140182776
1038.973464761698324
111.096977378581059
15.503481611552704
112.194544104282727
4588.070522665595490
83.362785554833266
496.072097602723488
1948.520154598111958
15.539659240281836
87.331256143554327
335.122135605219398
89.206815845385904
582.598100866664254
2432.126273272061553
100.000000000000000
582.305798541392960
2283.642277624278904
0.550000000000000
0.430000000000000
0.057200000000000
0.370000000000000
0.041000000000000
0.100000000000000
0.000000000000000
14.833453140182776
15.503481611552704
13.735897935297881
0.000000000000000
112.194544104282727
16.601035758201977
111.096977378581059
0.000000000000000
0.000000000000000
13.735897935297881
16.601035758201977
14.833453140182776
0.000000000000000
111.096977378581059
15.503481611552704
112.194544104282727
0.000000000000000
0.000000000000000
1.097555204884895
-1.097554146649273
-1.097555204884895
0.000000000000000
1.097566725701668
1.097554146649273
-1.097566725701668
0.000000000000000
0.000000000000000
0.000000000000000
0.000000000000000
0.080000000000000
0.080000000000000
0.080000000000000
