beta: 0.980
psi: -1.000
delta: 0.060
varphi: 0.800
zeta: 3.650
theta: 5.000
alpha: 0.333
1

phi: 1.000 1.000 1.000

Lbar: 137.597 760.211 2746.958

mu: 0.840 0.073 0.088
 0.013 0.892 0.095
 0.003 0.024 0.973

Ybar: 1.000 1.000 1.000

1.000
1.000
1.000
Ybar2: 1.119 2.364 2.459
 1.452 1.126 2.025
 1.519 1.574 1.120

gamma: 0.461 0.424 0.404

sigma: 0.1035 0.1049 0.1256

omega: 0.500 0.500 0.500

kappa0: 7.332 12.475
 120.706 112.889
 212.280 536.446

kappa1: 7.332 10.177
 57.697 85.122
 84.040 255.186

